Epoch #0, Loss_train=0.14453893899917603
Epoch #1, Loss_train=0.07984135299921036
Epoch #2, Loss_train=0.06881218403577805
Epoch #3, Loss_train=0.053981028497219086
Epoch #4, Loss_train=0.0440656915307045
Epoch #5, Loss_train=0.03861572965979576
Epoch #6, Loss_train=0.03460429981350899
Epoch #7, Loss_train=0.03150010108947754
Epoch #8, Loss_train=0.029270552098751068
Epoch #9, Loss_train=0.027586782351136208
Epoch #10, Loss_train=0.026166768744587898
Epoch #11, Loss_train=0.024861887097358704
Epoch #12, Loss_train=0.023617278784513474
Epoch #13, Loss_train=0.02243421971797943
Epoch #14, Loss_train=0.021355075761675835
Epoch #15, Loss_train=0.020421285182237625
Epoch #16, Loss_train=0.01962057314813137
Epoch #17, Loss_train=0.0189313143491745
Epoch #18, Loss_train=0.018337300047278404
Epoch #19, Loss_train=0.017822369933128357

real	7m27.318s


[[[ 1.0404872e+00  5.8293974e-01]
  [ 1.0198420e+00  1.2663480e+00]
  [ 2.2264414e+00  1.5770404e+00]
  [ 1.8546877e+00  8.9149368e-01]
  [ 1.6039751e+00  8.4423661e-02]
  [ 8.2884049e-01  3.9030874e-01]
  [ 1.1538872e+00  5.8004028e-01]]

 [[ 7.8153813e-01  1.3336480e-02]
  [ 8.5869443e-01  6.8760663e-01]
  [ 4.7157413e-01  1.4896293e+00]
  [ 6.4954728e-01  2.4840884e+00]
  [ 2.1639235e+00  2.2314124e+00]
  [ 1.6044426e+00  2.1714842e-01]
  [ 1.5504715e+00  2.4637836e-01]]

 [[ 7.7065986e-01  2.7011639e-01]
  [ 9.3851548e-01 -2.6597774e-01]
  [ 2.2205272e+00 -1.6108918e-01]
  [ 3.1459339e+00  8.7871784e-01]
  [ 3.4026306e+00  2.0687888e+00]
  [ 8.1389004e-01 -6.5978348e-02]
  [ 1.6370344e+00  3.4653676e-01]]

 [[ 8.2931221e-01  2.2002465e-01]
  [ 7.4207485e-01  2.5627613e-03]
  [ 1.0600446e+00  1.4562038e+00]
  [ 7.4403846e-01  2.0429177e+00]
  [ 1.9046501e+00  2.4318204e+00]
  [ 1.7518064e+00 -1.5623689e-02]
  [ 1.6421137e+00  3.0325890e-01]]

 [[ 9.3068522e-01  3.1883967e-01]
  [ 6.7938888e-01  1.1279780e-01]
  [ 1.2672877e+00 -9.2777526e-01]
  [ 1.8869071e+00 -8.0616784e-01]
  [ 3.5193655e+00  2.0360308e+00]
  [ 1.1991611e+00  9.4030261e-02]
  [ 1.5911644e+00  3.3332729e-01]]

 [[ 1.0389054e+00  5.6954384e-02]
  [ 1.4500668e+00  1.6622717e+00]
  [ 2.1383364e+00  2.3321958e+00]
  [ 1.8462663e+00  2.2386336e+00]
  [ 8.7393510e-01  8.5205013e-01]
  [ 1.2208521e+00 -4.8453867e-02]
  [ 1.5458729e+00  3.4218848e-01]]

 [[ 6.9924372e-01  1.7269486e-01]
  [ 8.4022963e-01  2.4742419e-01]
  [ 5.1855081e-01  3.2858741e-01]
  [ 9.3933856e-01 -1.2504447e-01]
  [ 1.3795719e+00 -1.0215354e-01]
  [ 1.2898763e+00  2.8409529e-01]
  [ 1.1357795e+00  5.7636744e-01]]]



[[[ 0.87184197  0.7096853 ]
  [ 0.7473166   0.33004403]
  [ 0.95246553  0.7535666 ]
  [ 1.2819445   0.8504615 ]
  [ 1.4999938   0.6342538 ]
  [ 1.2007645   0.46327776]
  [ 1.2637042   0.6132579 ]]

 [[ 0.84579736  0.22648048]
  [ 0.87583816 -0.12212849]
  [ 0.81118566  0.18797743]
  [ 2.783831    2.438582  ]
  [ 0.09575433  0.32365388]
  [ 1.4704258  -0.13659787]
  [ 1.1297866   0.30737597]]

 [[ 0.8403415   0.08197916]
  [ 0.71428365 -0.15619898]
  [ 2.0802326   1.7169778 ]
  [ 2.8018744   1.8436596 ]
  [ 2.5963993   2.0568476 ]
  [ 3.0723317   0.9826435 ]
  [ 1.3730428   0.14496732]]

 [[ 0.8501065   0.23363179]
  [ 0.9964335   0.48251688]
  [ 2.9486856   2.9676967 ]
  [ 1.3993677   1.4864876 ]
  [ 0.9823092   1.2224166 ]
  [ 0.99050087  1.0155503 ]
  [ 1.434549    0.3227402 ]]

 [[ 0.53531337  0.5467569 ]
  [ 2.770674    2.0200105 ]
  [ 0.8370061   0.8190327 ]
  [ 1.217453   -0.63463354]
  [ 1.9189775  -0.4485718 ]
  [ 1.6556928  -0.3448727 ]
  [ 1.6023064   0.23025733]]

 [[ 0.9165551   1.6440792 ]
  [ 1.4010097   1.4378352 ]
  [ 1.184716   -0.3284917 ]
  [ 1.4876192   0.03785104]
  [ 1.1331784   0.15350902]
  [ 1.1937983   0.13428706]
  [ 1.3868511   0.35576314]]

 [[ 1.026262    0.4108966 ]
  [ 0.88165545 -0.08568025]
  [ 1.2166476   0.2104975 ]
  [ 0.8687876   0.35843182]
  [ 0.82536733  0.3770985 ]
  [ 0.94269156  0.4088667 ]
  [ 1.1389284   0.5832718 ]]]




  [[[ 0.60927117  0.7789844 ]
  [ 0.6965102   0.374757  ]
  [ 0.6385226   0.6234505 ]
  [ 0.90956044  0.57787246]
  [ 0.94260585  0.6268855 ]
  [ 1.097552    0.64960456]
  [ 1.120083    0.56809074]]

 [[ 1.208277    1.3405107 ]
  [ 2.3300383   0.88243544]
  [ 2.170354    0.81548035]
  [ 2.024153   -0.3484689 ]
  [ 0.8138722  -0.14353955]
  [ 1.174564    0.1548903 ]
  [ 1.3440433   0.27265882]]

 [[ 0.88933295  0.6428981 ]
  [ 0.22623867  1.2606347 ]
  [ 0.6836566   1.8846393 ]
  [ 2.4517095   2.440144  ]
  [ 1.1472291  -0.05633485]
  [ 1.4156606   0.1345011 ]
  [ 1.4770343   0.2790376 ]]

 [[ 1.2280337  -0.13803184]
  [ 1.0449786  -0.17252564]
  [ 3.4476583   1.7223294 ]
  [ 0.90265894  0.28623402]
  [ 0.71483    -0.11278546]
  [ 1.0876877  -0.02133077]
  [ 1.2193351   0.25254482]]

 [[ 0.97971666 -0.13986313]
  [ 1.1535311   1.6804595 ]
  [ 1.9915717   2.205666  ]
  [ 2.80404     0.8276685 ]
  [ 2.8171082   1.1763437 ]
  [ 2.3350263   0.9934449 ]
  [ 1.4488151   0.26490438]]

 [[ 0.73228616  0.29306805]
  [ 1.1148722  -0.12918139]
  [ 0.8437644   0.3220294 ]
  [ 0.6634742   0.6339628 ]
  [ 0.4812163   0.63600254]
  [ 0.8621166   0.35011625]
  [ 1.4082757   0.34582853]]

 [[ 0.7600216   0.47697678]
  [ 0.8065158   0.3597592 ]
  [ 1.1368401   0.03316712]
  [ 1.2892271  -0.01251602]
  [ 1.2928562   0.0827781 ]
  [ 1.2040682   0.23811758]
  [ 1.2013127   0.5762352 ]]]





  [[[ 0.89648354  0.70554113]
  [ 0.7592347   0.4207269 ]
  [ 1.063179    0.6411022 ]
  [ 1.0064466   0.93512964]
  [ 1.4518039   0.44465277]
  [ 1.1172434   0.6407777 ]
  [ 1.1659042   0.58924603]]

 [[ 0.8655898   0.16608763]
  [ 0.80975306  0.06111479]
  [ 1.2442172   0.05262291]
  [ 2.7664342   2.6259508 ]
  [ 1.0382389   0.34098148]
  [ 1.393098    0.15585971]
  [ 1.3528093   0.28340888]]

 [[ 0.9305836   0.1540286 ]
  [ 0.6775515   0.10841036]
  [ 2.7199962   2.1292746 ]
  [ 2.5856261   2.838409  ]
  [ 0.79509306 -0.53047097]
  [ 1.315759    0.07686955]
  [ 1.4764042   0.26196647]]

 [[ 0.9781068  -0.27476203]
  [ 1.5187068   2.2422502 ]
  [ 2.5535362   2.8430362 ]
  [ 2.8365943   2.4509528 ]
  [ 2.5802736   1.06792   ]
  [ 1.5037515   0.1970458 ]
  [ 1.4100994   0.31815428]]

 [[ 0.760057   -0.04803634]
  [ 0.83691293  0.27336282]
  [ 0.9144443   0.30084324]
  [ 1.8980173   2.3946915 ]
  [ 1.0839117  -0.06424129]
  [ 1.3046696   0.12808597]
  [ 1.4400072   0.3210711 ]]

 [[ 0.8344927   0.41569436]
  [ 0.90484613 -0.17411387]
  [ 1.6207001  -0.9070436 ]
  [ 2.006478    1.4972668 ]
  [ 1.3337872   0.04149371]
  [ 1.518878    0.23333126]
  [ 1.3096653   0.31607664]]

 [[ 0.8357197   0.5096544 ]
  [ 0.67516136  0.40807104]
  [ 0.7611236   0.1284374 ]
  [ 1.1798927   0.40691674]
  [ 0.72480965  0.16288698]
  [ 1.0914838   0.37313008]
  [ 1.1594687   0.564553  ]]]




  

